5
68 57 17 16 43 
93 24 24 5 11 
95 77 56 74 65 
55 23 91 26 76 
53 49 73 23 30
3
0 19 98 
96 24 46 
11 10 3
7
28 16 23 59 64 56 16 
79 77 83 83 25 33 68 
12 93 20 0 50 42 24 
84 96 86 65 31 35 16 
70 71 65 99 39 88 10 
4 45 78 35 74 14 70 
51 47 38 63 40 58 63
4
81 57 49 44 
29 51 85 12 
56 2 24 12 
97 97 80 9
10
77 43 83 36 86 6 5 18 96 96 
33 43 52 55 76 45 2 41 57 36 
46 55 10 40 40 8 43 20 57 32 
36 34 75 19 22 14 78 27 32 26 
75 65 69 79 73 97 76 75 90 86 
63 88 41 25 28 82 34 71 54 43 
3 90 29 31 62 51 45 40 30 77 
66 57 95 87 37 68 37 13 95 27 
51 58 68 93 84 48 27 70 20 81 
65 75 72 94 6 86 97 3 26 79